000_s001 100 (120,120,3)
000_s002 100 (120,120,3)
000_s003 100 (120,120,3)
000_s004 100 (120,120,3)
000_s005 100 (120,120,3)
000_s006 100 (120,120,3)
000_s007 100 (120,120,3)
000_s008 100 (120,120,3)
000_s009 100 (120,120,3)
000_s010 100 (120,120,3)
000_s011 100 (120,120,3)
000_s012 100 (120,120,3)
000_s013 100 (120,120,3)
000_s014 100 (120,120,3)
000_s015 100 (120,120,3)
001_s001 100 (120,120,3)
001_s002 100 (120,120,3)
001_s003 100 (120,120,3)
001_s004 100 (120,120,3)
001_s005 100 (120,120,3)
001_s006 100 (120,120,3)
001_s007 100 (120,120,3)
001_s008 100 (120,120,3)
001_s009 100 (120,120,3)
001_s010 100 (120,120,3)
001_s011 100 (120,120,3)
001_s012 100 (120,120,3)
001_s013 100 (120,120,3)
001_s014 100 (120,120,3)
001_s015 100 (120,120,3)
001_s016 100 (120,120,3)
001_s017 100 (120,120,3)
001_s018 100 (120,120,3)
001_s019 100 (120,120,3)
001_s020 100 (120,120,3)
001_s021 100 (120,120,3)
001_s022 100 (120,120,3)
001_s023 100 (120,120,3)
001_s024 100 (120,120,3)
001_s025 100 (120,120,3)
001_s026 100 (120,120,3)
001_s027 100 (120,120,3)
001_s028 100 (120,120,3)
001_s029 100 (120,120,3)
001_s030 100 (120,120,3)
001_s031 100 (120,120,3)
001_s032 100 (120,120,3)
001_s033 100 (120,120,3)
001_s034 100 (120,120,3)
001_s035 100 (120,120,3)
001_s036 100 (120,120,3)
001_s037 100 (120,120,3)
001_s038 100 (120,120,3)
001_s039 100 (120,120,3)
001_s040 100 (120,120,3)
001_s041 100 (120,120,3)
001_s042 100 (120,120,3)
001_s043 100 (120,120,3)
001_s044 100 (120,120,3)
001_s045 100 (120,120,3)
001_s046 100 (120,120,3)
001_s047 100 (120,120,3)
001_s048 100 (120,120,3)
001_s049 100 (120,120,3)
001_s050 100 (120,120,3)
001_s051 100 (120,120,3)
001_s052 100 (120,120,3)
001_s053 100 (120,120,3)
001_s054 100 (120,120,3)
001_s055 100 (120,120,3)
001_s056 100 (120,120,3)
001_s057 100 (120,120,3)
001_s058 100 (120,120,3)
001_s059 100 (120,120,3)
001_s060 100 (120,120,3)
001_s061 100 (120,120,3)
001_s062 100 (120,120,3)
001_s063 100 (120,120,3)
001_s064 100 (120,120,3)
001_s065 100 (120,120,3)
001_s066 100 (120,120,3)
001_s067 100 (120,120,3)
001_s068 100 (120,120,3)
001_s069 100 (120,120,3)
001_s070 100 (120,120,3)
002_s001 100 (120,120,3)
002_s002 100 (120,120,3)
002_s003 100 (120,120,3)
002_s004 100 (120,120,3)
002_s005 100 (120,120,3)
002_s006 100 (120,120,3)
002_s007 100 (120,120,3)
002_s008 100 (120,120,3)
002_s009 100 (120,120,3)
002_s010 100 (120,120,3)
002_s011 100 (120,120,3)
002_s012 100 (120,120,3)
002_s013 100 (120,120,3)
002_s014 100 (120,120,3)
002_s015 100 (120,120,3)
002_s016 100 (120,120,3)
002_s017 100 (120,120,3)
002_s018 100 (120,120,3)
002_s019 100 (120,120,3)
002_s020 100 (120,120,3)
002_s021 100 (120,120,3)
002_s022 100 (120,120,3)
002_s023 100 (120,120,3)
002_s024 100 (120,120,3)
002_s025 100 (120,120,3)
002_s026 100 (120,120,3)
002_s027 100 (120,120,3)
002_s028 100 (120,120,3)
002_s029 100 (120,120,3)
002_s030 100 (120,120,3)
002_s031 100 (120,120,3)
002_s032 100 (120,120,3)
002_s033 100 (120,120,3)
002_s034 100 (120,120,3)
002_s035 100 (120,120,3)
002_s036 100 (120,120,3)
002_s037 100 (120,120,3)
002_s038 100 (120,120,3)
002_s039 100 (120,120,3)
002_s040 100 (120,120,3)
002_s041 100 (120,120,3)
002_s042 100 (120,120,3)
002_s043 100 (120,120,3)
002_s044 100 (120,120,3)
002_s045 100 (120,120,3)
002_s046 100 (120,120,3)
002_s047 100 (120,120,3)
002_s048 100 (120,120,3)
002_s049 100 (120,120,3)
002_s050 100 (120,120,3)
002_s051 100 (120,120,3)
002_s052 100 (120,120,3)
002_s053 100 (120,120,3)
002_s054 100 (120,120,3)
002_s055 100 (120,120,3)
002_s056 100 (120,120,3)
002_s057 100 (120,120,3)
002_s058 100 (120,120,3)
002_s059 100 (120,120,3)
002_s060 100 (120,120,3)
002_s061 100 (120,120,3)
002_s062 100 (120,120,3)
002_s063 100 (120,120,3)
002_s064 100 (120,120,3)
002_s065 100 (120,120,3)
002_s066 100 (120,120,3)
002_s067 100 (120,120,3)
002_s068 100 (120,120,3)
002_s069 100 (120,120,3)
002_s070 100 (120,120,3)
003_s001 100 (120,120,3)
003_s002 100 (120,120,3)
003_s003 100 (120,120,3)
003_s004 100 (120,120,3)
003_s005 100 (120,120,3)
003_s006 100 (120,120,3)
003_s007 100 (120,120,3)
003_s008 100 (120,120,3)
003_s009 100 (120,120,3)
003_s010 100 (120,120,3)
003_s011 100 (120,120,3)
003_s012 100 (120,120,3)
003_s013 100 (120,120,3)
003_s014 100 (120,120,3)
003_s015 100 (120,120,3)
004_s001 100 (120,120,3)
004_s002 100 (120,120,3)
004_s003 100 (120,120,3)
004_s004 100 (120,120,3)
004_s005 100 (120,120,3)
004_s006 100 (120,120,3)
004_s007 100 (120,120,3)
004_s008 100 (120,120,3)
004_s009 100 (120,120,3)
004_s010 100 (120,120,3)
004_s011 100 (120,120,3)
004_s012 100 (120,120,3)
004_s013 100 (120,120,3)
004_s014 100 (120,120,3)
004_s015 100 (120,120,3)
004_s016 100 (120,120,3)
004_s017 100 (120,120,3)
004_s018 100 (120,120,3)
004_s019 100 (120,120,3)
004_s020 100 (120,120,3)
004_s021 100 (120,120,3)
004_s022 100 (120,120,3)
004_s023 100 (120,120,3)
004_s024 100 (120,120,3)
004_s025 100 (120,120,3)
004_s026 100 (120,120,3)
004_s027 100 (120,120,3)
004_s028 100 (120,120,3)
004_s029 100 (120,120,3)
004_s030 100 (120,120,3)
004_s031 100 (120,120,3)
004_s032 100 (120,120,3)
004_s033 100 (120,120,3)
004_s034 100 (120,120,3)
004_s035 100 (120,120,3)
004_s036 100 (120,120,3)
004_s037 100 (120,120,3)
004_s038 100 (120,120,3)
004_s039 100 (120,120,3)
004_s040 100 (120,120,3)
005_s001 100 (120,120,3)
005_s002 100 (120,120,3)
005_s003 100 (120,120,3)
005_s004 100 (120,120,3)
005_s005 100 (120,120,3)
005_s006 100 (120,120,3)
005_s007 100 (120,120,3)
005_s008 100 (120,120,3)
005_s009 100 (120,120,3)
005_s010 100 (120,120,3)
005_s011 100 (120,120,3)
005_s012 100 (120,120,3)
005_s013 100 (120,120,3)
005_s014 100 (120,120,3)
005_s015 100 (120,120,3)
006_s001 100 (120,120,3)
006_s002 100 (120,120,3)
006_s003 100 (120,120,3)
006_s004 100 (120,120,3)
006_s005 100 (120,120,3)
006_s006 100 (120,120,3)
006_s007 100 (120,120,3)
006_s008 100 (120,120,3)
006_s009 100 (120,120,3)
006_s010 100 (120,120,3)
006_s011 100 (120,120,3)
006_s012 100 (120,120,3)
006_s013 100 (120,120,3)
006_s014 100 (120,120,3)
006_s015 100 (120,120,3)
006_s016 100 (120,120,3)
006_s017 100 (120,120,3)
006_s018 100 (120,120,3)
006_s019 100 (120,120,3)
006_s020 100 (120,120,3)
006_s021 100 (120,120,3)
006_s022 100 (120,120,3)
006_s023 100 (120,120,3)
006_s024 100 (120,120,3)
006_s025 100 (120,120,3)
006_s026 100 (120,120,3)
006_s027 100 (120,120,3)
006_s028 100 (120,120,3)
006_s029 100 (120,120,3)
006_s030 100 (120,120,3)
006_s031 100 (120,120,3)
006_s032 100 (120,120,3)
006_s033 100 (120,120,3)
006_s034 100 (120,120,3)
006_s035 100 (120,120,3)
006_s036 100 (120,120,3)
006_s037 100 (120,120,3)
006_s038 100 (120,120,3)
006_s039 100 (120,120,3)
006_s040 100 (120,120,3)
006_s041 100 (120,120,3)
006_s042 100 (120,120,3)
006_s043 100 (120,120,3)
006_s044 100 (120,120,3)
006_s045 100 (120,120,3)
006_s046 100 (120,120,3)
006_s047 100 (120,120,3)
006_s048 100 (120,120,3)
006_s049 100 (120,120,3)
006_s050 100 (120,120,3)
006_s051 100 (120,120,3)
006_s052 100 (120,120,3)
006_s053 100 (120,120,3)
006_s054 100 (120,120,3)
006_s055 100 (120,120,3)
006_s056 100 (120,120,3)
006_s057 100 (120,120,3)
006_s058 100 (120,120,3)
006_s059 100 (120,120,3)
006_s060 100 (120,120,3)
006_s061 100 (120,120,3)
006_s062 100 (120,120,3)
006_s063 100 (120,120,3)
006_s064 100 (120,120,3)
006_s065 100 (120,120,3)
006_s066 100 (120,120,3)
006_s067 100 (120,120,3)
006_s068 100 (120,120,3)
006_s069 100 (120,120,3)
006_s070 100 (120,120,3)
006_s071 100 (120,120,3)
006_s072 100 (120,120,3)
006_s073 100 (120,120,3)
006_s074 100 (120,120,3)
006_s075 100 (120,120,3)
006_s076 100 (120,120,3)
006_s077 100 (120,120,3)
006_s078 100 (120,120,3)
006_s079 100 (120,120,3)
006_s080 100 (120,120,3)
007_s001 100 (120,120,3)
007_s002 100 (120,120,3)
007_s003 100 (120,120,3)
007_s004 100 (120,120,3)
007_s005 100 (120,120,3)
007_s006 100 (120,120,3)
007_s007 100 (120,120,3)
007_s008 100 (120,120,3)
007_s009 100 (120,120,3)
007_s010 100 (120,120,3)
007_s011 100 (120,120,3)
007_s012 100 (120,120,3)
007_s013 100 (120,120,3)
007_s014 100 (120,120,3)
007_s015 100 (120,120,3)
008_s001 100 (120,120,3)
008_s002 100 (120,120,3)
008_s003 100 (120,120,3)
008_s004 100 (120,120,3)
008_s005 100 (120,120,3)
008_s006 100 (120,120,3)
008_s007 100 (120,120,3)
008_s008 100 (120,120,3)
008_s009 100 (120,120,3)
008_s010 100 (120,120,3)
008_s011 100 (120,120,3)
008_s012 100 (120,120,3)
008_s013 100 (120,120,3)
008_s014 100 (120,120,3)
008_s015 100 (120,120,3)
008_s016 100 (120,120,3)
008_s017 100 (120,120,3)
008_s018 100 (120,120,3)
008_s019 100 (120,120,3)
008_s020 100 (120,120,3)
008_s021 100 (120,120,3)
008_s022 100 (120,120,3)
008_s023 100 (120,120,3)
008_s024 100 (120,120,3)
008_s025 100 (120,120,3)
008_s026 100 (120,120,3)
008_s027 100 (120,120,3)
008_s028 100 (120,120,3)
008_s029 100 (120,120,3)
008_s030 100 (120,120,3)
008_s031 100 (120,120,3)
008_s032 100 (120,120,3)
008_s033 100 (120,120,3)
008_s034 100 (120,120,3)
008_s035 100 (120,120,3)
008_s036 100 (120,120,3)
008_s037 100 (120,120,3)
008_s038 100 (120,120,3)
008_s039 100 (120,120,3)
008_s040 100 (120,120,3)
008_s041 100 (120,120,3)
008_s042 100 (120,120,3)
008_s043 100 (120,120,3)
008_s044 100 (120,120,3)
008_s045 100 (120,120,3)
008_s046 100 (120,120,3)
008_s047 100 (120,120,3)
008_s048 100 (120,120,3)
008_s049 100 (120,120,3)
008_s050 100 (120,120,3)
008_s051 100 (120,120,3)
008_s052 100 (120,120,3)
008_s053 100 (120,120,3)
008_s054 100 (120,120,3)
008_s055 100 (120,120,3)
008_s056 100 (120,120,3)
008_s057 100 (120,120,3)
008_s058 100 (120,120,3)
008_s059 100 (120,120,3)
008_s060 100 (120,120,3)
008_s061 100 (120,120,3)
008_s062 100 (120,120,3)
008_s063 100 (120,120,3)
008_s064 100 (120,120,3)
008_s065 100 (120,120,3)
008_s066 100 (120,120,3)
008_s067 100 (120,120,3)
008_s068 100 (120,120,3)
008_s069 100 (120,120,3)
008_s070 100 (120,120,3)
009_s001 100 (120,120,3)
009_s002 100 (120,120,3)
009_s003 100 (120,120,3)
009_s004 100 (120,120,3)
009_s005 100 (120,120,3)
009_s006 100 (120,120,3)
009_s007 100 (120,120,3)
009_s008 100 (120,120,3)
009_s009 100 (120,120,3)
009_s010 100 (120,120,3)
009_s011 100 (120,120,3)
009_s012 100 (120,120,3)
009_s013 100 (120,120,3)
009_s014 100 (120,120,3)
009_s015 100 (120,120,3)
010_s001 100 (120,120,3)
010_s002 100 (120,120,3)
010_s003 100 (120,120,3)
010_s004 100 (120,120,3)
010_s005 100 (120,120,3)
010_s006 100 (120,120,3)
010_s007 100 (120,120,3)
010_s008 100 (120,120,3)
010_s009 100 (120,120,3)
010_s010 100 (120,120,3)
010_s011 100 (120,120,3)
010_s012 100 (120,120,3)
010_s013 100 (120,120,3)
010_s014 100 (120,120,3)
010_s015 100 (120,120,3)
010_s016 100 (120,120,3)
010_s017 100 (120,120,3)
010_s018 100 (120,120,3)
010_s019 100 (120,120,3)
010_s020 100 (120,120,3)
010_s021 100 (120,120,3)
010_s022 100 (120,120,3)
010_s023 100 (120,120,3)
010_s024 100 (120,120,3)
010_s025 100 (120,120,3)
010_s026 100 (120,120,3)
010_s027 100 (120,120,3)
010_s028 100 (120,120,3)
010_s029 100 (120,120,3)
010_s030 100 (120,120,3)
010_s031 100 (120,120,3)
010_s032 100 (120,120,3)
010_s033 100 (120,120,3)
010_s034 100 (120,120,3)
010_s035 100 (120,120,3)
010_s036 100 (120,120,3)
010_s037 100 (120,120,3)
010_s038 100 (120,120,3)
010_s039 100 (120,120,3)
010_s040 100 (120,120,3)
010_s041 100 (120,120,3)
010_s042 100 (120,120,3)
010_s043 100 (120,120,3)
010_s044 100 (120,120,3)
010_s045 100 (120,120,3)
010_s046 100 (120,120,3)
010_s047 100 (120,120,3)
010_s048 100 (120,120,3)
010_s049 100 (120,120,3)
010_s050 100 (120,120,3)
010_s051 100 (120,120,3)
010_s052 100 (120,120,3)
010_s053 100 (120,120,3)
010_s054 100 (120,120,3)
010_s055 100 (120,120,3)
010_s056 100 (120,120,3)
010_s057 100 (120,120,3)
010_s058 100 (120,120,3)
010_s059 100 (120,120,3)
010_s060 100 (120,120,3)
010_s061 100 (120,120,3)
010_s062 100 (120,120,3)
010_s063 100 (120,120,3)
010_s064 100 (120,120,3)
010_s065 100 (120,120,3)
010_s066 100 (120,120,3)
010_s067 100 (120,120,3)
010_s068 100 (120,120,3)
010_s069 100 (120,120,3)
010_s070 100 (120,120,3)
011_s001 100 (120,120,3)
011_s002 100 (120,120,3)
011_s003 100 (120,120,3)
011_s004 100 (120,120,3)
011_s005 100 (120,120,3)
011_s006 100 (120,120,3)
011_s007 100 (120,120,3)
011_s008 100 (120,120,3)
011_s009 100 (120,120,3)
011_s010 100 (120,120,3)
011_s011 100 (120,120,3)
011_s012 100 (120,120,3)
011_s013 100 (120,120,3)
011_s014 100 (120,120,3)
011_s015 100 (120,120,3)
011_s016 100 (120,120,3)
011_s017 100 (120,120,3)
011_s018 100 (120,120,3)
011_s019 100 (120,120,3)
011_s020 100 (120,120,3)
011_s021 100 (120,120,3)
011_s022 100 (120,120,3)
011_s023 100 (120,120,3)
011_s024 100 (120,120,3)
011_s025 100 (120,120,3)
011_s026 100 (120,120,3)
011_s027 100 (120,120,3)
011_s028 100 (120,120,3)
011_s029 100 (120,120,3)
011_s030 100 (120,120,3)
011_s031 100 (120,120,3)
011_s032 100 (120,120,3)
011_s033 100 (120,120,3)
011_s034 100 (120,120,3)
011_s035 100 (120,120,3)
011_s036 100 (120,120,3)
011_s037 100 (120,120,3)
011_s038 100 (120,120,3)
011_s039 100 (120,120,3)
011_s040 100 (120,120,3)
011_s041 100 (120,120,3)
011_s042 100 (120,120,3)
011_s043 100 (120,120,3)
011_s044 100 (120,120,3)
011_s045 100 (120,120,3)
011_s046 100 (120,120,3)
011_s047 100 (120,120,3)
011_s048 100 (120,120,3)
011_s049 100 (120,120,3)
011_s050 100 (120,120,3)
011_s051 100 (120,120,3)
011_s052 100 (120,120,3)
011_s053 100 (120,120,3)
011_s054 100 (120,120,3)
011_s055 100 (120,120,3)
011_s056 100 (120,120,3)
011_s057 100 (120,120,3)
011_s058 100 (120,120,3)
011_s059 100 (120,120,3)
011_s060 100 (120,120,3)
011_s061 100 (120,120,3)
011_s062 100 (120,120,3)
011_s063 100 (120,120,3)
011_s064 100 (120,120,3)
011_s065 100 (120,120,3)
011_s066 100 (120,120,3)
011_s067 100 (120,120,3)
011_s068 100 (120,120,3)
011_s069 100 (120,120,3)
011_s070 100 (120,120,3)
011_s071 100 (120,120,3)
011_s072 100 (120,120,3)
011_s073 100 (120,120,3)
011_s074 100 (120,120,3)
011_s075 100 (120,120,3)
011_s076 100 (120,120,3)
011_s077 100 (120,120,3)
011_s078 100 (120,120,3)
011_s079 100 (120,120,3)
011_s080 100 (120,120,3)
012_s001 100 (120,120,3)
012_s002 100 (120,120,3)
012_s003 100 (120,120,3)
012_s004 100 (120,120,3)
012_s005 100 (120,120,3)
012_s006 100 (120,120,3)
012_s007 100 (120,120,3)
012_s008 100 (120,120,3)
012_s009 100 (120,120,3)
012_s010 100 (120,120,3)
012_s011 100 (120,120,3)
012_s012 100 (120,120,3)
012_s013 100 (120,120,3)
012_s014 100 (120,120,3)
012_s015 100 (120,120,3)
012_s016 100 (120,120,3)
012_s017 100 (120,120,3)
012_s018 100 (120,120,3)
012_s019 100 (120,120,3)
012_s020 100 (120,120,3)
012_s021 100 (120,120,3)
012_s022 100 (120,120,3)
012_s023 100 (120,120,3)
012_s024 100 (120,120,3)
012_s025 100 (120,120,3)
012_s026 100 (120,120,3)
012_s027 100 (120,120,3)
012_s028 100 (120,120,3)
012_s029 100 (120,120,3)
012_s030 100 (120,120,3)
012_s031 100 (120,120,3)
012_s032 100 (120,120,3)
012_s033 100 (120,120,3)
012_s034 100 (120,120,3)
012_s035 100 (120,120,3)
012_s036 100 (120,120,3)
012_s037 100 (120,120,3)
012_s038 100 (120,120,3)
012_s039 100 (120,120,3)
012_s040 100 (120,120,3)
012_s041 100 (120,120,3)
012_s042 100 (120,120,3)
012_s043 100 (120,120,3)
012_s044 100 (120,120,3)
012_s045 100 (120,120,3)
012_s046 100 (120,120,3)
012_s047 100 (120,120,3)
012_s048 100 (120,120,3)
012_s049 100 (120,120,3)
012_s050 100 (120,120,3)
013_s001 100 (120,120,3)
013_s002 100 (120,120,3)
013_s003 100 (120,120,3)
013_s004 100 (120,120,3)
013_s005 100 (120,120,3)
013_s006 100 (120,120,3)
013_s007 100 (120,120,3)
013_s008 100 (120,120,3)
013_s009 100 (120,120,3)
013_s010 100 (120,120,3)
013_s011 100 (120,120,3)
013_s012 100 (120,120,3)
013_s013 100 (120,120,3)
013_s014 100 (120,120,3)
013_s015 100 (120,120,3)
013_s016 100 (120,120,3)
013_s017 100 (120,120,3)
013_s018 100 (120,120,3)
013_s019 100 (120,120,3)
013_s020 100 (120,120,3)
013_s021 100 (120,120,3)
013_s022 100 (120,120,3)
013_s023 100 (120,120,3)
013_s024 100 (120,120,3)
013_s025 100 (120,120,3)
013_s026 100 (120,120,3)
013_s027 100 (120,120,3)
013_s028 100 (120,120,3)
013_s029 100 (120,120,3)
013_s030 100 (120,120,3)
013_s031 100 (120,120,3)
013_s032 100 (120,120,3)
013_s033 100 (120,120,3)
013_s034 100 (120,120,3)
013_s035 100 (120,120,3)
013_s036 100 (120,120,3)
013_s037 100 (120,120,3)
013_s038 100 (120,120,3)
013_s039 100 (120,120,3)
013_s040 100 (120,120,3)
013_s041 100 (120,120,3)
013_s042 100 (120,120,3)
013_s043 100 (120,120,3)
013_s044 100 (120,120,3)
013_s045 100 (120,120,3)
013_s046 100 (120,120,3)
013_s047 100 (120,120,3)
013_s048 100 (120,120,3)
013_s049 100 (120,120,3)
013_s050 100 (120,120,3)
014_s001 100 (120,120,3)
014_s002 100 (120,120,3)
014_s003 100 (120,120,3)
014_s004 100 (120,120,3)
014_s005 100 (120,120,3)
014_s006 100 (120,120,3)
014_s007 100 (120,120,3)
014_s008 100 (120,120,3)
014_s009 100 (120,120,3)
014_s010 100 (120,120,3)
014_s011 100 (120,120,3)
014_s012 100 (120,120,3)
014_s013 100 (120,120,3)
014_s014 100 (120,120,3)
014_s015 100 (120,120,3)
014_s016 100 (120,120,3)
014_s017 100 (120,120,3)
014_s018 100 (120,120,3)
014_s019 100 (120,120,3)
014_s020 100 (120,120,3)
014_s021 100 (120,120,3)
014_s022 100 (120,120,3)
014_s023 100 (120,120,3)
014_s024 100 (120,120,3)
014_s025 100 (120,120,3)
014_s026 100 (120,120,3)
014_s027 100 (120,120,3)
014_s028 100 (120,120,3)
014_s029 100 (120,120,3)
014_s030 100 (120,120,3)
014_s031 100 (120,120,3)
014_s032 100 (120,120,3)
014_s033 100 (120,120,3)
014_s034 100 (120,120,3)
014_s035 100 (120,120,3)
015_s001 100 (120,120,3)
015_s002 100 (120,120,3)
015_s003 100 (120,120,3)
015_s004 100 (120,120,3)
015_s005 100 (120,120,3)
015_s006 100 (120,120,3)
015_s007 100 (120,120,3)
015_s008 100 (120,120,3)
015_s009 100 (120,120,3)
015_s010 100 (120,120,3)
015_s011 100 (120,120,3)
015_s012 100 (120,120,3)
015_s013 100 (120,120,3)
015_s014 100 (120,120,3)
015_s015 100 (120,120,3)
015_s016 100 (120,120,3)
015_s017 100 (120,120,3)
015_s018 100 (120,120,3)
015_s019 100 (120,120,3)
015_s020 100 (120,120,3)
015_s021 100 (120,120,3)
015_s022 100 (120,120,3)
015_s023 100 (120,120,3)
015_s024 100 (120,120,3)
015_s025 100 (120,120,3)
015_s026 100 (120,120,3)
015_s027 100 (120,120,3)
015_s028 100 (120,120,3)
015_s029 100 (120,120,3)
015_s030 100 (120,120,3)
015_s031 100 (120,120,3)
015_s032 100 (120,120,3)
015_s033 100 (120,120,3)
015_s034 100 (120,120,3)
015_s035 100 (120,120,3)
015_s036 100 (120,120,3)
015_s037 100 (120,120,3)
015_s038 100 (120,120,3)
015_s039 100 (120,120,3)
015_s040 100 (120,120,3)
015_s041 100 (120,120,3)
015_s042 100 (120,120,3)
015_s043 100 (120,120,3)
015_s044 100 (120,120,3)
015_s045 100 (120,120,3)
015_s046 100 (120,120,3)
015_s047 100 (120,120,3)
015_s048 100 (120,120,3)
015_s049 100 (120,120,3)
015_s050 100 (120,120,3)
016_s001 100 (120,120,3)
016_s002 100 (120,120,3)
016_s003 100 (120,120,3)
016_s004 100 (120,120,3)
016_s005 100 (120,120,3)
016_s006 100 (120,120,3)
016_s007 100 (120,120,3)
016_s008 100 (120,120,3)
016_s009 100 (120,120,3)
016_s010 100 (120,120,3)
016_s011 100 (120,120,3)
016_s012 100 (120,120,3)
016_s013 100 (120,120,3)
016_s014 100 (120,120,3)
016_s015 100 (120,120,3)
017_s001 100 (120,120,3)
017_s002 100 (120,120,3)
017_s003 100 (120,120,3)
017_s004 100 (120,120,3)
017_s005 100 (120,120,3)
017_s006 100 (120,120,3)
017_s007 100 (120,120,3)
017_s008 100 (120,120,3)
017_s009 100 (120,120,3)
017_s010 100 (120,120,3)
017_s011 100 (120,120,3)
017_s012 100 (120,120,3)
017_s013 100 (120,120,3)
017_s014 100 (120,120,3)
017_s015 100 (120,120,3)
017_s016 100 (120,120,3)
017_s017 100 (120,120,3)
017_s018 100 (120,120,3)
017_s019 100 (120,120,3)
017_s020 100 (120,120,3)
017_s021 100 (120,120,3)
017_s022 100 (120,120,3)
017_s023 100 (120,120,3)
017_s024 100 (120,120,3)
017_s025 100 (120,120,3)
017_s026 100 (120,120,3)
017_s027 100 (120,120,3)
017_s028 100 (120,120,3)
017_s029 100 (120,120,3)
017_s030 100 (120,120,3)
017_s031 100 (120,120,3)
017_s032 100 (120,120,3)
017_s033 100 (120,120,3)
017_s034 100 (120,120,3)
017_s035 100 (120,120,3)
017_s036 100 (120,120,3)
017_s037 100 (120,120,3)
017_s038 100 (120,120,3)
017_s039 100 (120,120,3)
017_s040 100 (120,120,3)
017_s041 100 (120,120,3)
017_s042 100 (120,120,3)
017_s043 100 (120,120,3)
017_s044 100 (120,120,3)
017_s045 100 (120,120,3)
017_s046 100 (120,120,3)
017_s047 100 (120,120,3)
017_s048 100 (120,120,3)
017_s049 100 (120,120,3)
017_s050 100 (120,120,3)
017_s051 100 (120,120,3)
017_s052 100 (120,120,3)
017_s053 100 (120,120,3)
017_s054 100 (120,120,3)
017_s055 100 (120,120,3)
017_s056 100 (120,120,3)
017_s057 100 (120,120,3)
017_s058 100 (120,120,3)
017_s059 100 (120,120,3)
017_s060 100 (120,120,3)
017_s061 100 (120,120,3)
017_s062 100 (120,120,3)
017_s063 100 (120,120,3)
017_s064 100 (120,120,3)
017_s065 100 (120,120,3)
017_s066 100 (120,120,3)
017_s067 100 (120,120,3)
017_s068 100 (120,120,3)
017_s069 100 (120,120,3)
017_s070 100 (120,120,3)
018_s001 100 (120,120,3)
018_s002 100 (120,120,3)
018_s003 100 (120,120,3)
018_s004 100 (120,120,3)
018_s005 100 (120,120,3)
018_s006 100 (120,120,3)
018_s007 100 (120,120,3)
018_s008 100 (120,120,3)
018_s009 100 (120,120,3)
018_s010 100 (120,120,3)
018_s011 100 (120,120,3)
018_s012 100 (120,120,3)
018_s013 100 (120,120,3)
018_s014 100 (120,120,3)
018_s015 100 (120,120,3)
018_s016 100 (120,120,3)
018_s017 100 (120,120,3)
018_s018 100 (120,120,3)
018_s019 100 (120,120,3)
018_s020 100 (120,120,3)
018_s021 100 (120,120,3)
018_s022 100 (120,120,3)
018_s023 100 (120,120,3)
018_s024 100 (120,120,3)
018_s025 100 (120,120,3)
018_s026 100 (120,120,3)
018_s027 100 (120,120,3)
018_s028 100 (120,120,3)
018_s029 100 (120,120,3)
018_s030 100 (120,120,3)
018_s031 100 (120,120,3)
018_s032 100 (120,120,3)
018_s033 100 (120,120,3)
018_s034 100 (120,120,3)
018_s035 100 (120,120,3)
018_s036 100 (120,120,3)
018_s037 100 (120,120,3)
018_s038 100 (120,120,3)
018_s039 100 (120,120,3)
018_s040 100 (120,120,3)
018_s041 100 (120,120,3)
018_s042 100 (120,120,3)
018_s043 100 (120,120,3)
018_s044 100 (120,120,3)
018_s045 100 (120,120,3)
018_s046 100 (120,120,3)
018_s047 100 (120,120,3)
018_s048 100 (120,120,3)
018_s049 100 (120,120,3)
018_s050 100 (120,120,3)
019_s001 100 (120,120,3)
019_s002 100 (120,120,3)
019_s003 100 (120,120,3)
019_s004 100 (120,120,3)
019_s005 100 (120,120,3)
019_s006 100 (120,120,3)
019_s007 100 (120,120,3)
019_s008 100 (120,120,3)
019_s009 100 (120,120,3)
019_s010 100 (120,120,3)
019_s011 100 (120,120,3)
019_s012 100 (120,120,3)
019_s013 100 (120,120,3)
019_s014 100 (120,120,3)
019_s015 100 (120,120,3)
019_s016 100 (120,120,3)
019_s017 100 (120,120,3)
019_s018 100 (120,120,3)
019_s019 100 (120,120,3)
019_s020 100 (120,120,3)
019_s021 100 (120,120,3)
019_s022 100 (120,120,3)
019_s023 100 (120,120,3)
019_s024 100 (120,120,3)
019_s025 100 (120,120,3)
019_s026 100 (120,120,3)
019_s027 100 (120,120,3)
019_s028 100 (120,120,3)
019_s029 100 (120,120,3)
019_s030 100 (120,120,3)
019_s031 100 (120,120,3)
019_s032 100 (120,120,3)
019_s033 100 (120,120,3)
019_s034 100 (120,120,3)
019_s035 100 (120,120,3)
019_s036 100 (120,120,3)
019_s037 100 (120,120,3)
019_s038 100 (120,120,3)
019_s039 100 (120,120,3)
019_s040 100 (120,120,3)
019_s041 100 (120,120,3)
019_s042 100 (120,120,3)
019_s043 100 (120,120,3)
019_s044 100 (120,120,3)
019_s045 100 (120,120,3)
019_s046 100 (120,120,3)
019_s047 100 (120,120,3)
019_s048 100 (120,120,3)
019_s049 100 (120,120,3)
019_s050 100 (120,120,3)
019_s051 100 (120,120,3)
019_s052 100 (120,120,3)
019_s053 100 (120,120,3)
019_s054 100 (120,120,3)
019_s055 100 (120,120,3)
019_s056 100 (120,120,3)
019_s057 100 (120,120,3)
019_s058 100 (120,120,3)
019_s059 100 (120,120,3)
019_s060 100 (120,120,3)
019_s061 100 (120,120,3)
019_s062 100 (120,120,3)
019_s063 100 (120,120,3)
019_s064 100 (120,120,3)
019_s065 100 (120,120,3)
019_s066 100 (120,120,3)
019_s067 100 (120,120,3)
019_s068 100 (120,120,3)
019_s069 100 (120,120,3)
019_s070 100 (120,120,3)
020_s001 100 (120,120,3)
020_s002 100 (120,120,3)
020_s003 100 (120,120,3)
020_s004 100 (120,120,3)
020_s005 100 (120,120,3)
020_s006 100 (120,120,3)
020_s007 100 (120,120,3)
020_s008 100 (120,120,3)
020_s009 100 (120,120,3)
020_s010 100 (120,120,3)
020_s011 100 (120,120,3)
020_s012 100 (120,120,3)
020_s013 100 (120,120,3)
020_s014 100 (120,120,3)
020_s015 100 (120,120,3)
020_s016 100 (120,120,3)
020_s017 100 (120,120,3)
020_s018 100 (120,120,3)
020_s019 100 (120,120,3)
020_s020 100 (120,120,3)
020_s021 100 (120,120,3)
020_s022 100 (120,120,3)
020_s023 100 (120,120,3)
020_s024 100 (120,120,3)
020_s025 100 (120,120,3)
020_s026 100 (120,120,3)
020_s027 100 (120,120,3)
020_s028 100 (120,120,3)
020_s029 100 (120,120,3)
020_s030 100 (120,120,3)
020_s031 100 (120,120,3)
020_s032 100 (120,120,3)
020_s033 100 (120,120,3)
020_s034 100 (120,120,3)
020_s035 100 (120,120,3)
020_s036 100 (120,120,3)
020_s037 100 (120,120,3)
020_s038 100 (120,120,3)
020_s039 100 (120,120,3)
020_s040 100 (120,120,3)
020_s041 100 (120,120,3)
020_s042 100 (120,120,3)
020_s043 100 (120,120,3)
020_s044 100 (120,120,3)
020_s045 100 (120,120,3)
020_s046 100 (120,120,3)
020_s047 100 (120,120,3)
020_s048 100 (120,120,3)
020_s049 100 (120,120,3)
020_s050 100 (120,120,3)
020_s051 100 (120,120,3)
020_s052 100 (120,120,3)
020_s053 100 (120,120,3)
020_s054 100 (120,120,3)
020_s055 100 (120,120,3)
020_s056 100 (120,120,3)
020_s057 100 (120,120,3)
020_s058 100 (120,120,3)
020_s059 100 (120,120,3)
020_s060 100 (120,120,3)
020_s061 100 (120,120,3)
020_s062 100 (120,120,3)
020_s063 100 (120,120,3)
020_s064 100 (120,120,3)
020_s065 100 (120,120,3)
020_s066 100 (120,120,3)
020_s067 100 (120,120,3)
020_s068 100 (120,120,3)
020_s069 100 (120,120,3)
020_s070 100 (120,120,3)
021_s001 100 (120,120,3)
021_s002 100 (120,120,3)
021_s003 100 (120,120,3)
021_s004 100 (120,120,3)
021_s005 100 (120,120,3)
021_s006 100 (120,120,3)
021_s007 100 (120,120,3)
021_s008 100 (120,120,3)
021_s009 100 (120,120,3)
021_s010 100 (120,120,3)
021_s011 100 (120,120,3)
021_s012 100 (120,120,3)
021_s013 100 (120,120,3)
021_s014 100 (120,120,3)
021_s015 100 (120,120,3)
021_s016 100 (120,120,3)
021_s017 100 (120,120,3)
021_s018 100 (120,120,3)
021_s019 100 (120,120,3)
021_s020 100 (120,120,3)
021_s021 100 (120,120,3)
021_s022 100 (120,120,3)
021_s023 100 (120,120,3)
021_s024 100 (120,120,3)
021_s025 100 (120,120,3)
021_s026 100 (120,120,3)
021_s027 100 (120,120,3)
021_s028 100 (120,120,3)
021_s029 100 (120,120,3)
021_s030 100 (120,120,3)
021_s031 100 (120,120,3)
021_s032 100 (120,120,3)
021_s033 100 (120,120,3)
021_s034 100 (120,120,3)
021_s035 100 (120,120,3)
021_s036 100 (120,120,3)
021_s037 100 (120,120,3)
021_s038 100 (120,120,3)
021_s039 100 (120,120,3)
021_s040 100 (120,120,3)
021_s041 100 (120,120,3)
021_s042 100 (120,120,3)
021_s043 100 (120,120,3)
021_s044 100 (120,120,3)
021_s045 100 (120,120,3)
021_s046 100 (120,120,3)
021_s047 100 (120,120,3)
021_s048 100 (120,120,3)
021_s049 100 (120,120,3)
021_s050 100 (120,120,3)
021_s051 100 (120,120,3)
021_s052 100 (120,120,3)
021_s053 100 (120,120,3)
021_s054 100 (120,120,3)
021_s055 100 (120,120,3)
021_s056 100 (120,120,3)
021_s057 100 (120,120,3)
021_s058 100 (120,120,3)
021_s059 100 (120,120,3)
021_s060 100 (120,120,3)
021_s061 100 (120,120,3)
021_s062 100 (120,120,3)
021_s063 100 (120,120,3)
021_s064 100 (120,120,3)
021_s065 100 (120,120,3)
021_s066 100 (120,120,3)
021_s067 100 (120,120,3)
021_s068 100 (120,120,3)
021_s069 100 (120,120,3)
021_s070 100 (120,120,3)
022_s001 100 (120,120,3)
022_s002 100 (120,120,3)
022_s003 100 (120,120,3)
022_s004 100 (120,120,3)
022_s005 100 (120,120,3)
022_s006 100 (120,120,3)
022_s007 100 (120,120,3)
022_s008 100 (120,120,3)
022_s009 100 (120,120,3)
022_s010 100 (120,120,3)
022_s011 100 (120,120,3)
022_s012 100 (120,120,3)
022_s013 100 (120,120,3)
022_s014 100 (120,120,3)
022_s015 100 (120,120,3)
022_s016 100 (120,120,3)
022_s017 100 (120,120,3)
022_s018 100 (120,120,3)
022_s019 100 (120,120,3)
022_s020 100 (120,120,3)
022_s021 100 (120,120,3)
022_s022 100 (120,120,3)
022_s023 100 (120,120,3)
022_s024 100 (120,120,3)
022_s025 100 (120,120,3)
022_s026 100 (120,120,3)
022_s027 100 (120,120,3)
022_s028 100 (120,120,3)
022_s029 100 (120,120,3)
022_s030 100 (120,120,3)
022_s031 100 (120,120,3)
022_s032 100 (120,120,3)
022_s033 100 (120,120,3)
022_s034 100 (120,120,3)
022_s035 100 (120,120,3)
022_s036 100 (120,120,3)
022_s037 100 (120,120,3)
022_s038 100 (120,120,3)
022_s039 100 (120,120,3)
022_s040 100 (120,120,3)
022_s041 100 (120,120,3)
022_s042 100 (120,120,3)
022_s043 100 (120,120,3)
022_s044 100 (120,120,3)
022_s045 100 (120,120,3)
022_s046 100 (120,120,3)
022_s047 100 (120,120,3)
022_s048 100 (120,120,3)
022_s049 100 (120,120,3)
022_s050 100 (120,120,3)
022_s051 100 (120,120,3)
022_s052 100 (120,120,3)
022_s053 100 (120,120,3)
022_s054 100 (120,120,3)
022_s055 100 (120,120,3)
022_s056 100 (120,120,3)
022_s057 100 (120,120,3)
022_s058 100 (120,120,3)
022_s059 100 (120,120,3)
022_s060 100 (120,120,3)
022_s061 100 (120,120,3)
022_s062 100 (120,120,3)
022_s063 100 (120,120,3)
022_s064 100 (120,120,3)
022_s065 100 (120,120,3)
022_s066 100 (120,120,3)
022_s067 100 (120,120,3)
022_s068 100 (120,120,3)
022_s069 100 (120,120,3)
022_s070 100 (120,120,3)
023_s001 100 (120,120,3)
023_s002 100 (120,120,3)
023_s003 100 (120,120,3)
023_s004 100 (120,120,3)
023_s005 100 (120,120,3)
023_s006 100 (120,120,3)
023_s007 100 (120,120,3)
023_s008 100 (120,120,3)
023_s009 100 (120,120,3)
023_s010 100 (120,120,3)
023_s011 100 (120,120,3)
023_s012 100 (120,120,3)
023_s013 100 (120,120,3)
023_s014 100 (120,120,3)
023_s015 100 (120,120,3)
024_s001 100 (120,120,3)
024_s002 100 (120,120,3)
024_s003 100 (120,120,3)
024_s004 100 (120,120,3)
024_s005 100 (120,120,3)
024_s006 100 (120,120,3)
024_s007 100 (120,120,3)
024_s008 100 (120,120,3)
024_s009 100 (120,120,3)
024_s010 100 (120,120,3)
024_s011 100 (120,120,3)
024_s012 100 (120,120,3)
024_s013 100 (120,120,3)
024_s014 100 (120,120,3)
024_s015 100 (120,120,3)
024_s016 100 (120,120,3)
024_s017 100 (120,120,3)
024_s018 100 (120,120,3)
024_s019 100 (120,120,3)
024_s020 100 (120,120,3)
024_s021 100 (120,120,3)
024_s022 100 (120,120,3)
024_s023 100 (120,120,3)
024_s024 100 (120,120,3)
024_s025 100 (120,120,3)
024_s026 100 (120,120,3)
024_s027 100 (120,120,3)
024_s028 100 (120,120,3)
024_s029 100 (120,120,3)
024_s030 100 (120,120,3)
024_s031 100 (120,120,3)
024_s032 100 (120,120,3)
024_s033 100 (120,120,3)
024_s034 100 (120,120,3)
024_s035 100 (120,120,3)
024_s036 100 (120,120,3)
024_s037 100 (120,120,3)
024_s038 100 (120,120,3)
024_s039 100 (120,120,3)
024_s040 100 (120,120,3)
024_s041 100 (120,120,3)
024_s042 100 (120,120,3)
024_s043 100 (120,120,3)
024_s044 100 (120,120,3)
024_s045 100 (120,120,3)
024_s046 100 (120,120,3)
024_s047 100 (120,120,3)
024_s048 100 (120,120,3)
024_s049 100 (120,120,3)
024_s050 100 (120,120,3)
024_s051 100 (120,120,3)
024_s052 100 (120,120,3)
024_s053 100 (120,120,3)
024_s054 100 (120,120,3)
024_s055 100 (120,120,3)
024_s056 100 (120,120,3)
024_s057 100 (120,120,3)
024_s058 100 (120,120,3)
024_s059 100 (120,120,3)
024_s060 100 (120,120,3)
024_s061 100 (120,120,3)
024_s062 100 (120,120,3)
024_s063 100 (120,120,3)
024_s064 100 (120,120,3)
024_s065 100 (120,120,3)
024_s066 100 (120,120,3)
024_s067 100 (120,120,3)
024_s068 100 (120,120,3)
024_s069 100 (120,120,3)
024_s070 100 (120,120,3)
025_s001 100 (120,120,3)
025_s002 100 (120,120,3)
025_s003 100 (120,120,3)
025_s004 100 (120,120,3)
025_s005 100 (120,120,3)
025_s006 100 (120,120,3)
025_s007 100 (120,120,3)
025_s008 100 (120,120,3)
025_s009 100 (120,120,3)
025_s010 100 (120,120,3)
025_s011 100 (120,120,3)
025_s012 100 (120,120,3)
025_s013 100 (120,120,3)
025_s014 100 (120,120,3)
025_s015 100 (120,120,3)
025_s016 100 (120,120,3)
025_s017 100 (120,120,3)
025_s018 100 (120,120,3)
025_s019 100 (120,120,3)
025_s020 100 (120,120,3)
025_s021 100 (120,120,3)
025_s022 100 (120,120,3)
025_s023 100 (120,120,3)
025_s024 100 (120,120,3)
025_s025 100 (120,120,3)
025_s026 100 (120,120,3)
025_s027 100 (120,120,3)
025_s028 100 (120,120,3)
025_s029 100 (120,120,3)
025_s030 100 (120,120,3)
025_s031 100 (120,120,3)
025_s032 100 (120,120,3)
025_s033 100 (120,120,3)
025_s034 100 (120,120,3)
025_s035 100 (120,120,3)
025_s036 100 (120,120,3)
025_s037 100 (120,120,3)
025_s038 100 (120,120,3)
025_s039 100 (120,120,3)
025_s040 100 (120,120,3)
025_s041 100 (120,120,3)
025_s042 100 (120,120,3)
025_s043 100 (120,120,3)
025_s044 100 (120,120,3)
025_s045 100 (120,120,3)
025_s046 100 (120,120,3)
025_s047 100 (120,120,3)
025_s048 100 (120,120,3)
025_s049 100 (120,120,3)
025_s050 100 (120,120,3)
025_s051 100 (120,120,3)
025_s052 100 (120,120,3)
025_s053 100 (120,120,3)
025_s054 100 (120,120,3)
025_s055 100 (120,120,3)
025_s056 100 (120,120,3)
025_s057 100 (120,120,3)
025_s058 100 (120,120,3)
025_s059 100 (120,120,3)
025_s060 100 (120,120,3)
025_s061 100 (120,120,3)
025_s062 100 (120,120,3)
025_s063 100 (120,120,3)
025_s064 100 (120,120,3)
025_s065 100 (120,120,3)
025_s066 100 (120,120,3)
025_s067 100 (120,120,3)
025_s068 100 (120,120,3)
025_s069 100 (120,120,3)
025_s070 100 (120,120,3)
026_s001 100 (120,120,3)
026_s002 100 (120,120,3)
026_s003 100 (120,120,3)
026_s004 100 (120,120,3)
026_s005 100 (120,120,3)
026_s006 100 (120,120,3)
026_s007 100 (120,120,3)
026_s008 100 (120,120,3)
026_s009 100 (120,120,3)
026_s010 100 (120,120,3)
026_s011 100 (120,120,3)
026_s012 100 (120,120,3)
026_s013 100 (120,120,3)
026_s014 100 (120,120,3)
026_s015 100 (120,120,3)
026_s016 100 (120,120,3)
026_s017 100 (120,120,3)
026_s018 100 (120,120,3)
026_s019 100 (120,120,3)
026_s020 100 (120,120,3)
026_s021 100 (120,120,3)
026_s022 100 (120,120,3)
026_s023 100 (120,120,3)
026_s024 100 (120,120,3)
026_s025 100 (120,120,3)
026_s026 100 (120,120,3)
026_s027 100 (120,120,3)
026_s028 100 (120,120,3)
026_s029 100 (120,120,3)
026_s030 100 (120,120,3)
026_s031 100 (120,120,3)
026_s032 100 (120,120,3)
026_s033 100 (120,120,3)
026_s034 100 (120,120,3)
026_s035 100 (120,120,3)
026_s036 100 (120,120,3)
026_s037 100 (120,120,3)
026_s038 100 (120,120,3)
026_s039 100 (120,120,3)
026_s040 100 (120,120,3)
026_s041 100 (120,120,3)
026_s042 100 (120,120,3)
026_s043 100 (120,120,3)
026_s044 100 (120,120,3)
026_s045 100 (120,120,3)
026_s046 100 (120,120,3)
026_s047 100 (120,120,3)
026_s048 100 (120,120,3)
026_s049 100 (120,120,3)
026_s050 100 (120,120,3)
027_s001 100 (120,120,3)
027_s002 100 (120,120,3)
027_s003 100 (120,120,3)
027_s004 100 (120,120,3)
027_s005 100 (120,120,3)
027_s006 100 (120,120,3)
027_s007 100 (120,120,3)
027_s008 100 (120,120,3)
027_s009 100 (120,120,3)
027_s010 100 (120,120,3)
027_s011 100 (120,120,3)
027_s012 100 (120,120,3)
027_s013 100 (120,120,3)
027_s014 100 (120,120,3)
027_s015 100 (120,120,3)
027_s016 100 (120,120,3)
027_s017 100 (120,120,3)
027_s018 100 (120,120,3)
027_s019 100 (120,120,3)
027_s020 100 (120,120,3)
027_s021 100 (120,120,3)
027_s022 100 (120,120,3)
027_s023 100 (120,120,3)
027_s024 100 (120,120,3)
027_s025 100 (120,120,3)
027_s026 100 (120,120,3)
027_s027 100 (120,120,3)
027_s028 100 (120,120,3)
027_s029 100 (120,120,3)
027_s030 100 (120,120,3)
027_s031 100 (120,120,3)
027_s032 100 (120,120,3)
027_s033 100 (120,120,3)
027_s034 100 (120,120,3)
027_s035 100 (120,120,3)
027_s036 100 (120,120,3)
027_s037 100 (120,120,3)
027_s038 100 (120,120,3)
027_s039 100 (120,120,3)
027_s040 100 (120,120,3)
027_s041 100 (120,120,3)
027_s042 100 (120,120,3)
027_s043 100 (120,120,3)
027_s044 100 (120,120,3)
027_s045 100 (120,120,3)
027_s046 100 (120,120,3)
027_s047 100 (120,120,3)
027_s048 100 (120,120,3)
027_s049 100 (120,120,3)
027_s050 100 (120,120,3)
028_s001 100 (120,120,3)
028_s002 100 (120,120,3)
028_s003 100 (120,120,3)
028_s004 100 (120,120,3)
028_s005 100 (120,120,3)
028_s006 100 (120,120,3)
028_s007 100 (120,120,3)
028_s008 100 (120,120,3)
028_s009 100 (120,120,3)
028_s010 100 (120,120,3)
028_s011 100 (120,120,3)
028_s012 100 (120,120,3)
028_s013 100 (120,120,3)
028_s014 100 (120,120,3)
028_s015 100 (120,120,3)
028_s016 100 (120,120,3)
028_s017 100 (120,120,3)
028_s018 100 (120,120,3)
028_s019 100 (120,120,3)
028_s020 100 (120,120,3)
028_s021 100 (120,120,3)
028_s022 100 (120,120,3)
028_s023 100 (120,120,3)
028_s024 100 (120,120,3)
028_s025 100 (120,120,3)
028_s026 100 (120,120,3)
028_s027 100 (120,120,3)
028_s028 100 (120,120,3)
028_s029 100 (120,120,3)
028_s030 100 (120,120,3)
028_s031 100 (120,120,3)
028_s032 100 (120,120,3)
028_s033 100 (120,120,3)
028_s034 100 (120,120,3)
028_s035 100 (120,120,3)
029_s001 100 (120,120,3)
029_s002 100 (120,120,3)
029_s003 100 (120,120,3)
029_s004 100 (120,120,3)
029_s005 100 (120,120,3)
029_s006 100 (120,120,3)
029_s007 100 (120,120,3)
029_s008 100 (120,120,3)
029_s009 100 (120,120,3)
029_s010 100 (120,120,3)
029_s011 100 (120,120,3)
029_s012 100 (120,120,3)
029_s013 100 (120,120,3)
029_s014 100 (120,120,3)
029_s015 100 (120,120,3)
029_s016 100 (120,120,3)
029_s017 100 (120,120,3)
029_s018 100 (120,120,3)
029_s019 100 (120,120,3)
029_s020 100 (120,120,3)
029_s021 100 (120,120,3)
029_s022 100 (120,120,3)
029_s023 100 (120,120,3)
029_s024 100 (120,120,3)
029_s025 100 (120,120,3)
029_s026 100 (120,120,3)
029_s027 100 (120,120,3)
029_s028 100 (120,120,3)
029_s029 100 (120,120,3)
029_s030 100 (120,120,3)
029_s031 100 (120,120,3)
029_s032 100 (120,120,3)
029_s033 100 (120,120,3)
029_s034 100 (120,120,3)
029_s035 100 (120,120,3)
045_s001 100 (120,120,3)
045_s002 100 (120,120,3)
045_s003 100 (120,120,3)
045_s004 100 (120,120,3)
045_s005 100 (120,120,3)
045_s006 100 (120,120,3)
045_s007 100 (120,120,3)
045_s008 100 (120,120,3)
045_s009 100 (120,120,3)
045_s010 100 (120,120,3)
045_s011 100 (120,120,3)
045_s012 100 (120,120,3)
045_s013 100 (120,120,3)
045_s014 100 (120,120,3)
045_s015 100 (120,120,3)
045_s016 100 (120,120,3)
045_s017 100 (120,120,3)
045_s018 100 (120,120,3)
045_s019 100 (120,120,3)
045_s020 100 (120,120,3)
045_s021 100 (120,120,3)
045_s022 100 (120,120,3)
045_s023 100 (120,120,3)
045_s024 100 (120,120,3)
045_s025 100 (120,120,3)
045_s026 100 (120,120,3)
045_s027 100 (120,120,3)
045_s028 100 (120,120,3)
045_s029 100 (120,120,3)
045_s030 100 (120,120,3)
045_s031 100 (120,120,3)
045_s032 100 (120,120,3)
045_s033 100 (120,120,3)
045_s034 100 (120,120,3)
045_s035 100 (120,120,3)
045_s036 100 (120,120,3)
045_s037 100 (120,120,3)
045_s038 100 (120,120,3)
045_s039 100 (120,120,3)
045_s040 100 (120,120,3)
045_s041 100 (120,120,3)
045_s042 100 (120,120,3)
045_s043 100 (120,120,3)
045_s044 100 (120,120,3)
045_s045 100 (120,120,3)
045_s046 100 (120,120,3)
045_s047 100 (120,120,3)
045_s048 100 (120,120,3)
045_s049 100 (120,120,3)
045_s050 100 (120,120,3)
045_s051 100 (120,120,3)
045_s052 100 (120,120,3)
045_s053 100 (120,120,3)
045_s054 100 (120,120,3)
045_s055 100 (120,120,3)
045_s056 100 (120,120,3)
045_s057 100 (120,120,3)
045_s058 100 (120,120,3)
045_s059 100 (120,120,3)
045_s060 100 (120,120,3)
045_s061 100 (120,120,3)
045_s062 100 (120,120,3)
045_s063 100 (120,120,3)
045_s064 100 (120,120,3)
045_s065 100 (120,120,3)
045_s066 100 (120,120,3)
045_s067 100 (120,120,3)
045_s068 100 (120,120,3)
045_s069 100 (120,120,3)
045_s070 100 (120,120,3)
046_s001 100 (120,120,3)
046_s002 100 (120,120,3)
046_s003 100 (120,120,3)
046_s004 100 (120,120,3)
046_s005 100 (120,120,3)
046_s006 100 (120,120,3)
046_s007 100 (120,120,3)
046_s008 100 (120,120,3)
046_s009 100 (120,120,3)
046_s010 100 (120,120,3)
046_s011 100 (120,120,3)
046_s012 100 (120,120,3)
046_s013 100 (120,120,3)
046_s014 100 (120,120,3)
046_s015 100 (120,120,3)
047_s001 100 (120,120,3)
047_s002 100 (120,120,3)
047_s003 100 (120,120,3)
047_s004 100 (120,120,3)
047_s005 100 (120,120,3)
047_s006 100 (120,120,3)
047_s007 100 (120,120,3)
047_s008 100 (120,120,3)
047_s009 100 (120,120,3)
047_s010 100 (120,120,3)
047_s011 100 (120,120,3)
047_s012 100 (120,120,3)
047_s013 100 (120,120,3)
047_s014 100 (120,120,3)
047_s015 100 (120,120,3)
047_s016 100 (120,120,3)
047_s017 100 (120,120,3)
047_s018 100 (120,120,3)
047_s019 100 (120,120,3)
047_s020 100 (120,120,3)
047_s021 100 (120,120,3)
047_s022 100 (120,120,3)
047_s023 100 (120,120,3)
047_s024 100 (120,120,3)
047_s025 100 (120,120,3)
047_s026 100 (120,120,3)
047_s027 100 (120,120,3)
047_s028 100 (120,120,3)
047_s029 100 (120,120,3)
047_s030 100 (120,120,3)
047_s031 100 (120,120,3)
047_s032 100 (120,120,3)
047_s033 100 (120,120,3)
047_s034 100 (120,120,3)
047_s035 100 (120,120,3)
047_s036 100 (120,120,3)
047_s037 100 (120,120,3)
047_s038 100 (120,120,3)
047_s039 100 (120,120,3)
047_s040 100 (120,120,3)
047_s041 100 (120,120,3)
047_s042 100 (120,120,3)
047_s043 100 (120,120,3)
047_s044 100 (120,120,3)
047_s045 100 (120,120,3)
047_s046 100 (120,120,3)
047_s047 100 (120,120,3)
047_s048 100 (120,120,3)
047_s049 100 (120,120,3)
047_s050 100 (120,120,3)
047_s051 100 (120,120,3)
047_s052 100 (120,120,3)
047_s053 100 (120,120,3)
047_s054 100 (120,120,3)
047_s055 100 (120,120,3)
047_s056 100 (120,120,3)
047_s057 100 (120,120,3)
047_s058 100 (120,120,3)
047_s059 100 (120,120,3)
047_s060 100 (120,120,3)
047_s061 100 (120,120,3)
047_s062 100 (120,120,3)
047_s063 100 (120,120,3)
047_s064 100 (120,120,3)
047_s065 100 (120,120,3)
047_s066 100 (120,120,3)
047_s067 100 (120,120,3)
047_s068 100 (120,120,3)
047_s069 100 (120,120,3)
047_s070 100 (120,120,3)
048_s001 100 (120,120,3)
048_s002 100 (120,120,3)
048_s003 100 (120,120,3)
048_s004 100 (120,120,3)
048_s005 100 (120,120,3)
048_s006 100 (120,120,3)
048_s007 100 (120,120,3)
048_s008 100 (120,120,3)
048_s009 100 (120,120,3)
048_s010 100 (120,120,3)
048_s011 100 (120,120,3)
048_s012 100 (120,120,3)
048_s013 100 (120,120,3)
048_s014 100 (120,120,3)
048_s015 100 (120,120,3)
048_s016 100 (120,120,3)
048_s017 100 (120,120,3)
048_s018 100 (120,120,3)
048_s019 100 (120,120,3)
048_s020 100 (120,120,3)
048_s021 100 (120,120,3)
048_s022 100 (120,120,3)
048_s023 100 (120,120,3)
048_s024 100 (120,120,3)
048_s025 100 (120,120,3)
048_s026 100 (120,120,3)
048_s027 100 (120,120,3)
048_s028 100 (120,120,3)
048_s029 100 (120,120,3)
048_s030 100 (120,120,3)
048_s031 100 (120,120,3)
048_s032 100 (120,120,3)
048_s033 100 (120,120,3)
048_s034 100 (120,120,3)
048_s035 100 (120,120,3)
048_s036 100 (120,120,3)
048_s037 100 (120,120,3)
048_s038 100 (120,120,3)
048_s039 100 (120,120,3)
048_s040 100 (120,120,3)
048_s041 100 (120,120,3)
048_s042 100 (120,120,3)
048_s043 100 (120,120,3)
048_s044 100 (120,120,3)
048_s045 100 (120,120,3)
048_s046 100 (120,120,3)
048_s047 100 (120,120,3)
048_s048 100 (120,120,3)
048_s049 100 (120,120,3)
048_s050 100 (120,120,3)
048_s051 100 (120,120,3)
048_s052 100 (120,120,3)
048_s053 100 (120,120,3)
048_s054 100 (120,120,3)
048_s055 100 (120,120,3)
048_s056 100 (120,120,3)
048_s057 100 (120,120,3)
048_s058 100 (120,120,3)
048_s059 100 (120,120,3)
048_s060 100 (120,120,3)
048_s061 100 (120,120,3)
048_s062 100 (120,120,3)
048_s063 100 (120,120,3)
048_s064 100 (120,120,3)
048_s065 100 (120,120,3)
048_s066 100 (120,120,3)
048_s067 100 (120,120,3)
048_s068 100 (120,120,3)
048_s069 100 (120,120,3)
048_s070 100 (120,120,3)
049_s001 100 (120,120,3)
049_s002 100 (120,120,3)
049_s003 100 (120,120,3)
049_s004 100 (120,120,3)
049_s005 100 (120,120,3)
049_s006 100 (120,120,3)
049_s007 100 (120,120,3)
049_s008 100 (120,120,3)
049_s009 100 (120,120,3)
049_s010 100 (120,120,3)
049_s011 100 (120,120,3)
049_s012 100 (120,120,3)
049_s013 100 (120,120,3)
049_s014 100 (120,120,3)
049_s015 100 (120,120,3)
049_s016 100 (120,120,3)
049_s017 100 (120,120,3)
049_s018 100 (120,120,3)
049_s019 100 (120,120,3)
049_s020 100 (120,120,3)
049_s021 100 (120,120,3)
049_s022 100 (120,120,3)
049_s023 100 (120,120,3)
049_s024 100 (120,120,3)
049_s025 100 (120,120,3)
049_s026 100 (120,120,3)
049_s027 100 (120,120,3)
049_s028 100 (120,120,3)
049_s029 100 (120,120,3)
049_s030 100 (120,120,3)
049_s031 100 (120,120,3)
049_s032 100 (120,120,3)
049_s033 100 (120,120,3)
049_s034 100 (120,120,3)
049_s035 100 (120,120,3)
049_s036 100 (120,120,3)
049_s037 100 (120,120,3)
049_s038 100 (120,120,3)
049_s039 100 (120,120,3)
049_s040 100 (120,120,3)
049_s041 100 (120,120,3)
049_s042 100 (120,120,3)
049_s043 100 (120,120,3)
049_s044 100 (120,120,3)
049_s045 100 (120,120,3)
049_s046 100 (120,120,3)
049_s047 100 (120,120,3)
049_s048 100 (120,120,3)
049_s049 100 (120,120,3)
049_s050 100 (120,120,3)
049_s051 100 (120,120,3)
049_s052 100 (120,120,3)
049_s053 100 (120,120,3)
049_s054 100 (120,120,3)
049_s055 100 (120,120,3)
049_s056 100 (120,120,3)
049_s057 100 (120,120,3)
049_s058 100 (120,120,3)
049_s059 100 (120,120,3)
049_s060 100 (120,120,3)
049_s061 100 (120,120,3)
049_s062 100 (120,120,3)
049_s063 100 (120,120,3)
049_s064 100 (120,120,3)
049_s065 100 (120,120,3)
049_s066 100 (120,120,3)
049_s067 100 (120,120,3)
049_s068 100 (120,120,3)
049_s069 100 (120,120,3)
049_s070 100 (120,120,3)